Mutation.Type	DBS1	DBS2	DBS3	DBS4	DBS5	DBS6	DBS7	DBS8	DBS9	DBS10	DBS11
AC>CA	4.97e-5	3.74e-4	0.00635	0.00414	0.00214	0.00266	0.0459	0.215	0.0246	0.00963	0.00137
AC>CG	2.64e-5	3.17e-5	4.65e-5	4.96e-5	4.62e-4	1.46e-4	0.00625	9.73e-4	0.00207	1.77e-5	1.94e-4
AC>CT	0.00429	1.26e-4	0.00302	8.32e-18	0.00202	2.4e-4	0.0136	0.318	0.0285	0.0135	7.56e-4
AC>GA	1.27e-4	2.37e-4	0.00585	0.0044	5.58e-4	0.00858	0.00973	0.00116	0.0253	0.00535	4.42e-4
AC>GG	5.71e-5	4.17e-18	4.5e-4	7.01e-18	1.11e-17	1.04e-4	0.00254	8.1e-4	0.00713	5.9e-4	0.00225
AC>GT	0.00296	2.8e-4	0.0101	1.12e-8	8.22e-4	1.32e-4	0.0045	1.51e-4	0.0121	0.0287	0.00571
AC>TA	0.0012	0.00148	0.00101	0.00127	0.00148	0.0101	0.00542	0.0124	0.0412	1.05e-4	2.64e-4
AC>TG	1.72e-4	6.36e-6	1.11e-17	5.31e-5	0.00112	4.49e-4	9.98e-4	0.00257	0.0179	7.66e-6	2.39e-4
AC>TT	0.0265	0.00292	1.78e-6	1.61e-4	0.00747	0.00318	0.00118	2.68e-4	0.0444	7.1e-4	0.00282
AT>CA	4.82e-4	3.78e-5	0.00704	9.16e-4	1.08e-4	1.14e-4	0.0111	2.78e-5	0.0127	0.00353	0.00948
AT>CC	2.97e-4	4.17e-18	0.00908	7e-18	2.13e-5	6.39e-5	0.00626	1.43e-4	0.00178	0.00116	0.0019
AT>CG	3.98e-6	4.17e-18	0.0146	9.46e-18	1.05e-17	1.82e-6	0.00111	2.66e-4	9.22e-18	0.00259	1.74e-5
AT>GA	0.00212	1.68e-4	0.00181	3.24e-4	0.00111	0.00162	0.0144	1.62e-4	0.00637	8.06e-5	0.0112
AT>GC	1.74e-4	5.85e-6	0.00525	1.76e-5	1.05e-17	1.72e-5	0.00929	2.26e-4	0.00181	0.00408	0.00418
AT>TA	0.00234	4.58e-4	0.00235	0.00453	7.93e-4	0.0022	0.034	3.15e-4	0.0092	0.00293	0.00384
CC>AA	1.06e-5	0.724	0.00909	7e-18	1.05e-17	8.3e-18	9.04e-18	0.0381	9.02e-18	0.0137	7.35e-18
CC>AG	1.23e-5	0.0726	1.11e-17	0.00543	0.0243	0.0616	8.3e-5	0.0155	0.0264	7.13e-5	9.72e-4
CC>AT	0.0187	0.1	0.00589	0.0157	0.00243	4.38e-4	8.52e-4	0.0288	0.0195	0.0105	0.0345
CC>GA	1.34e-4	0.0177	6.35e-4	0.00355	6.76e-5	0.0355	3.02e-4	8.09e-4	0.011	0.00339	9.53e-4
CC>GG	9.82e-5	4.5e-4	7.25e-5	7.3e-5	1.19e-5	0.0181	0.00205	5.6e-5	0.00306	7.41e-18	0.00345
CC>GT	0.00692	0.0011	1.14e-17	7.99e-5	2.48e-5	0.00344	1.63e-4	2.29e-4	0.0179	0.00108	0.0695
CC>TA	0.0104	0.016	0.0208	1.7e-4	0.00127	0.00222	9.04e-18	7.16e-4	6.87e-4	0.0239	0.0588
CC>TG	0.00255	2.37e-4	2.9e-5	8.3e-6	0.00481	0.00687	2.36e-4	0.00421	0.0155	7.41e-18	0.0323
CC>TT	0.858	4.17e-18	1.11e-17	7e-18	1.05e-17	8.3e-18	9.04e-18	0.00438	9.02e-18	0.0206	0.332
CG>AT	6.03e-7	0.00115	2.84e-4	2.9e-4	0.00164	0.00754	6.21e-5	3.22e-4	2.19e-4	7.41e-18	0.00182
CG>GC	5.42e-6	3.69e-4	1.11e-17	5.1e-6	9.92e-5	5.9e-4	1.87e-4	1.13e-17	1.2e-5	1.9e-5	1.66e-4
CG>GT	1.7e-6	0.00128	1.11e-17	7e-18	0.00648	0.00322	2.07e-5	0.00121	9.94e-5	1.02e-5	0.00118
CG>TA	3.56e-4	4.17e-18	0.0979	7e-18	1.05e-17	8.3e-18	9.04e-18	5.06e-4	9.02e-18	0.358	7.38e-18
CG>TC	1.26e-5	0.00215	7.22e-4	7e-18	2.98e-5	0.00891	4.87e-5	9.05e-4	1.33e-4	0.00265	6.85e-4
CG>TT	1.24e-4	0.00556	0.00717	3.61e-4	0.00222	0.0187	3.13e-5	3.29e-4	8.29e-5	0.00777	6.99e-4
CT>AA	2.77e-5	0.00321	1.03e-4	7e-18	0.466	0.00448	9.04e-18	0.0206	9.02e-18	0.00393	0.0044
CT>AC	4.19e-4	4.17e-18	0.0291	7e-18	0.209	0.00195	1.01e-17	0.014	9.02e-18	0.013	0.00235
CT>AG	2.85e-18	5.87e-4	0.114	3.63e-4	0.0267	0.0395	0.00126	0.0204	5.82e-4	0.0265	4.96e-4
CT>GA	8.92e-5	1.81e-5	1.72e-5	6.73e-4	0.0161	0.00734	0.00187	0.00557	0.00284	7.41e-18	0.0116
CT>GC	2.52e-4	1.34e-4	2.69e-5	7.22e-5	0.00485	0.00179	0.0156	2.37e-4	0.00311	7.41e-18	0.00611
CT>GG	1.08e-5	8.98e-5	5.99e-5	9.26e-4	5.7e-4	0.00681	0.004	3.06e-4	0.0104	7.41e-18	0.00402
CT>TA	0.00781	0.00338	1.84e-4	7e-18	0.00334	8.84e-5	9.04e-18	0.0109	9.02e-18	0.00403	0.0417
CT>TC	0.0105	3.84e-5	0.00634	7e-18	2.37e-4	8.3e-18	0.0632	0.0178	3e-5	0.00275	0.00299
CT>TG	0.00224	3.9e-4	0.0522	3.08e-5	8.74e-4	0.0112	9.04e-18	9.66e-4	9.46e-18	0.0457	0.00148
GC>AA	0.00158	0.00508	2.16e-5	0.328	1.33e-4	8.3e-18	9.04e-18	0.0129	9.02e-18	0.00408	0.001
GC>AG	1.07e-4	3.25e-4	5.22e-4	0.0113	0.00266	0.00366	7.3e-5	0.00852	0.124	7.41e-18	0.00329
GC>AT	4.87e-5	9.53e-4	0.00399	0.00924	0.00157	0.00188	3.5e-4	0.00551	0.126	0.00775	0.0272
GC>CA	5.76e-5	0.00106	2.37e-4	0.0119	0.00458	0.00869	6.7e-4	0.00483	0.0274	1.05e-4	0.00211
GC>CG	5.15e-6	6.69e-5	1.11e-17	9.83e-7	3.23e-4	9.04e-18	0.00265	2.42e-4	0.0025	7.41e-18	0.00404
GC>TA	8.27e-7	7.36e-4	0.00423	0.0177	2.22e-4	8.29e-4	6.24e-6	0.00856	0.014	0.00281	2.43e-4
TA>AT	5.05e-4	0.00275	0.00145	0.0304	0.00187	0.00857	0.0558	0.0097	0.0155	0.0104	0.00223
TA>CG	7.55e-6	1.89e-5	0.00334	3.89e-4	7.89e-6	2.59e-4	0.00305	2.09e-5	0.00135	0.00411	5.84e-4
TA>CT	7.02e-4	2.8e-4	3.44e-4	0.00872	0.00227	0.0261	0.0291	0.0041	0.0142	0.00162	0.00338
TA>GC	2.01e-5	8.22e-5	0.00199	7.02e-5	5.22e-5	2.64e-4	0.00151	7.89e-4	5.79e-4	7.41e-18	0.00102
TA>GG	7.03e-5	7.89e-5	0.00546	0.00222	0.00163	2.18e-4	0.00431	2.17e-4	0.00325	0.00859	3.75e-4
TA>GT	0.00115	0.0013	3.62e-4	0.00806	0.00191	6.25e-5	0.0263	1.53e-4	0.00778	0.00361	0.00267
TC>AA	1.09e-5	0.00145	0.00549	0.379	0.0404	0.0458	0.0196	0.0388	0.00369	0.00756	2.17e-4
TC>AG	3.09e-6	2e-4	6.14e-6	0.00187	0.0149	0.00828	4e-6	0.0116	0.0467	2.71e-4	0.0474
TC>AT	0.00246	4.17e-18	0.00112	0.00841	7.48e-4	5.94e-4	0.00229	0.0185	0.0518	0.00309	0.0846
TC>CA	4.42e-6	6.82e-4	0.0655	0.0846	0.00143	0.0118	0.00271	0.0176	0.0488	0.0252	2.82e-4
TC>CG	3.3e-5	3.89e-6	1.16e-4	4e-4	1.06e-17	8.62e-4	0.00163	0.0109	0.00779	8.42e-4	0.00324
TC>CT	0.0019	0.00335	0.0194	8.28e-6	0.00105	0.00939	0.00919	0.00876	0.0514	0.0262	0.0201
TC>GA	6.42e-5	8.85e-4	0.0778	0.0364	2.46e-5	0.00734	9.04e-18	0.00961	0.0173	0.0438	2.35e-4
TC>GG	4.11e-4	9.87e-6	1.77e-4	1.04e-5	3.48e-5	0.00151	7.06e-4	0.00191	0.00373	7.41e-18	0.00733
TC>GT	0.0051	8.57e-5	0.0434	7e-18	3.86e-5	8.3e-18	9.04e-18	2.76e-4	9.15e-18	0.0459	0.0152
TG>AA	0.00137	0.00296	6.68e-5	0.00763	0.018	0.0255	0.0226	0.00865	0.0158	0.00142	0.00783
TG>AC	2.37e-4	2.2e-4	8.04e-5	1.18e-4	0.00146	0.0101	0.00262	0.00385	0.00727	2.07e-4	8.66e-4
TG>AT	0.00241	0.00429	9.58e-4	7e-18	0.0204	0.221	0.00129	0.00822	7.46e-4	0.0025	0.0105
TG>CA	2.79e-4	1.44e-4	0.0159	8.04e-4	4.76e-4	0.0114	0.0239	0.00506	0.0228	0.0292	0.0561
TG>CC	1.03e-4	5.94e-5	4.84e-4	1.2e-4	5.06e-4	0.00789	0.00105	0.00125	0.0118	1.9e-4	0.00313
TG>CT	0.00185	0.00307	0.00607	8.21e-5	3.28e-4	0.275	9.04e-18	0.0195	9.68e-4	0.00433	0.00558
TG>GA	4.07e-4	0.00147	5.23e-4	0.00785	0.00327	0.0074400000000000004	0.00825	2.71e-4	0.00618	2.02e-5	0.00731
TG>GC	8.89e-5	2.72e-4	4.98e-4	6.04e-4	2.92e-4	0.0056	0.00388	0.00354	0.00391	7.41e-18	0.00612
TG>GT	0.0019	0.0064	0.0103	3.23e-5	0.0827	0.0274	0.00871	0.00786	0.00334	0.00217	0.00524
TT>AA	0.00549	0.00431	0.00322	1.8e-5	0.00492	1.93e-4	0.235	0.00358	3.41e-4	0.0145	0.00477
TT>AC	7.2e-4	3.45e-4	0.00243	6.6e-7	9.66e-4	1.28e-4	0.04	1.13e-17	0.00666	7.41e-18	0.00104
TT>AG	4.18e-4	2.15e-4	0.0229	7e-18	8.93e-4	0.00212	0.053900000000000003	0.0146	9.18e-4	0.00696	0.00127
TT>CA	7.25e-4	4.17e-18	6.94e-4	7e-18	1.05e-17	8.3e-18	0.0977	0.00629	9.03e-18	0.00129	0.00202
TT>CC	0.00542	2.98e-6	0.00816	7e-18	7.73e-4	8.3e-18	0.0354	2.94e-4	0.00516	0.00288	0.004
TT>CG	8.38e-5	1.52e-5	0.0318	7.25e-18	1.05e-17	1.12e-5	0.00267	1.16e-4	1.98e-5	0.00858	9.96e-18
TT>GA	0.0018600000000000001	4.79e-5	0.0123	7e-18	2.99e-5	8.3e-18	0.0436	0.00363	9.17e-18	0.00869	7.07e-4
TT>GC	0.00106	1.54e-6	0.0665	7e-18	5.66e-5	4.09e-7	0.00367	2.86e-4	3.56e-5	0.0258	5.78e-6
TT>GG	0.00161	4.17e-18	0.171	7e-18	1.05e-17	8.3e-18	9.04e-18	5.38e-4	9.02e-18	0.0847	7.34e-18
