Mutation.Type	ID1	ID2	ID3	ID4	ID5	ID6	ID7	ID8	ID9	ID10	ID11	ID12	ID13	ID14	ID15	ID16	ID17
DEL_C_1_0	1.59889e-4	0.004824116	0.124727109	0.007249717	0.022202108	0.030506799	4.66561e-4	0.039827558	0.334939881	0.025105414	0.001576565	0.052787741	0.065548371	0.012016009	0.026527369337078	9.52768885842137e-4	0.00611759853519847
DEL_C_1_1	7.73523e-4	2.21e-5	0.208876169	0.002734869	0.028547215	0.005491903	0	0.023915938	0.099994226	0.02930632	5.50318e-4	0.014674665	0.017536463	0.001946232	0.12100978700592	2.63915642267698e-18	0.00366755530652
DEL_C_1_2	3.31e-18	3.11e-6	0.176324217	0.002041063	0.026596927	0.008033994	0.008561945	0.003330554	0.002690655	0.018804056	3.57338e-4	5.61932e-4	0.005120219	6.83696e-4	0.147828864433683	8.1541662061712e-5	0.00122032669693285
DEL_C_1_3	0.001907613	0.002472076	0.064042764	0.001112283	0.014159122	0.001102379	0.042360147	0.005403153	0.010625416	0.01650356	9.08e-18	9.95577e-4	0.005350516	4.87468e-4	0.136006057901119	0.00162491353986988	2.25926833737838e-8
DEL_C_1_4	7.0599e-4	0.003856976	0.043989808	0.001075684	0.002873422	0.00247817	0.114891909	0.001275709	0.012496902	0.002930632	9.08e-18	0.00224005	0.004346005	0.002071921	0.0841976961066638	0.00337864255670055	1.94094358196916e-8
DEL_C_1_5+	0.003370115	0.014615424	0.022417486	0.002246178	0.002602449	0.001322073	0.251763142	9.33729e-4	4.48e-5	8.42e-18	1.56465e-4	0.029410808	8.43056e-4	0.002370276	0.0184582927326813	2.65063753759673e-18	0.00122093334450846
DEL_T_1_0	0.001311605	0.007905966	0.03759923	0.006635052	0.101481149	0.004284162	0.00266749	0.034243687	0.105105373	0.028306105	9.44206e-4	0.045135118	0.053698762	0.018309803	0.0239516368486624	6.28649514543184e-4	0.0060883465666712
DEL_T_1_1	3.31e-18	3.95e-18	0.013309824	0.001622466	0.106099611	6.77688e-4	0.007732725	0.010452076	0.044293641	8.42e-18	2.58505e-4	1.42e-17	0.498224168	8.52559e-4	0.0799601100183372	1.57040098524865e-4	0.00490319649725692
DEL_T_1_2	9.36453e-4	0.007036418	0.016501851	0.002633405	0.114128464	0.011659665	2.5476e-4	0.00899203	0.085861956	0.001510326	5.16519e-4	0.010969204	0.023777805	0.010856423	0.120410466467629	2.65806380183744e-18	0.00122548208393169
DEL_T_1_3	0.002295855	0.020234743	0.020141477	3.06038e-4	0.088962208	0.022242391	0.028972742	0.009825045	0.113250663	0.001420306	4.2568e-4	0.022109366	0.062780952	0.01718395	0.113431215342833	2.6607938700793e-18	0.00122381019049612
DEL_T_1_4	0.004291422	0.047119925	0.015814364	0.001023202	0.052259532	0.017697141	0.158850553	0.00127378	0.094412737	0.00241052	0.001932451	0.044077964	0.023004382	0.013347903	0.079178831808195	0.00100165069513296	1.34150268406511e-9
DEL_T_1_5+	3.31e-18	0.814697222	0.008066314	1.54442e-4	0.030610523	0.007954345	1.92e-7	0.010620342	9.29835e-4	1.27e-17	0.006539395	3.48512e-4	0.006079575	0.038616999	0.046903214753917	2.79097673434101e-18	4.62677534678498e-8
INS_C_1_0	3.31e-18	3.95e-18	0.002083092	6.62e-18	5.42252e-4	0.002086887	6.72367e-4	0.002764271	5.41e-18	8.42e-18	1.86238e-4	1.42e-17	0.002850428	0.454386955	6.58004610552164e-18	0.0602713372040219	0.00487811801329939
INS_C_1_1	3.31e-18	2.27026e-4	0.001578887	2.72399e-4	0.001242898	0.001773433	2.62e-5	0.002169119	1.93e-6	3.45074e-4	0.163482884	1.67697e-4	0.001652256	0.012777431	6.58004610552164e-18	0.136484095403874	0.0147671987268637
INS_C_1_2	3.31e-18	2.62e-5	0.001747946	6.88e-5	0.003151667	2.46169e-4	2.58e-5	0.001527	3.52623e-4	2.72059e-4	0.093738843	0.001596586	8.2125e-4	6.5885e-4	6.58004610552164e-18	0.124683558062386	0.0292604047473039
INS_C_1_3	8.45986e-4	4.3005e-4	0.006177647	5.12481e-4	6.02848e-4	2.32169e-4	0.002407735	1.16524e-4	5.41e-18	0.002580556	0.03617564	4.50319e-4	3.75555e-4	0.001564403	6.58004610552164e-18	0.0988831205554055	0.0492545218208812
INS_C_1_4	0.001785525	0.002911846	0.007104447	6.62e-18	1.97582e-4	3.76592e-4	0.015485431	5.54177e-4	2.16e-6	4.11089e-4	0.011189789	0.00439393	1.48578e-4	0.001539502	6.58004610552164e-18	0.0620943792528956	0.024538407850484
INS_C_1_5+	0.024296536	0.009017536	0.007351101	2.49143e-4	4.33544e-4	2.47997e-4	0.060343229	4.89489e-4	7.37e-5	8.51184e-4	0.003412242	0.01705149	7.06981e-4	0.002292999	6.58004610552164e-18	0.0310346026384888	0.00979050282269531
INS_T_1_0	0.002283824	0.001328556	0.018722365	3.33665e-4	0.006361965	0.006396251	1.36e-6	0.004507979	0.012614484	0.017003667	4.06945e-4	0.004265301	0.041137013	0.032612007	6.58004610552164e-18	0.0301942868072769	0.00489279435946823
INS_T_1_1	4.03e-5	3.95e-18	0.043119029	0.001010044	0.013462697	0.001041187	3.73648e-4	0.004868696	0.010385274	0.043809449	0.314277276	0.002496518	0.004748853	0.003165883	6.58004610552164e-18	0.103160227092233	0.0388936407223243
INS_T_1_2	1.92865e-4	6.47033e-4	0.04015704	1.06e-5	0.029721144	7.38848e-4	0.018382706	0.001429636	0.002314663	0.003650787	0.161807823	1.42e-17	0.003054171	0.001774606	6.58004610552164e-18	0.108738482879835	0.0439246079078755
INS_T_1_3	0.004243267	0.001082879	0.025125434	1.73935e-4	0.01884025	9.30638e-4	0.008891635	0.001087286	0.001600885	0.003750809	0.107725327	1.05674e-4	0.009271857	0.001173836	6.58004610552164e-18	0.100939445323406	0.00487209062147903
INS_T_1_4	0.016649127	0.003487461	0.006563305	1.6e-5	0.011268752	0.001349852	0.012787969	8.22618e-4	0.001585355	9.66e-6	0.04903068	3.3648e-4	0.012098641	0.004784999	6.58004610552164e-18	0.0519623764470054	0.00490348556483425
INS_T_1_5+	0.890906464	0.003132585	0.026181239	8.32926e-4	0.001439215	0.014390041	0.010789849	0.020161248	0.00577248	1.11e-8	0.023629043	1.6655e-4	0.011099794	0.232747553	6.58004610552164e-18	0.0350076858492558	0.00487382956865314
DEL_repeats_2_0	6.86046e-4	1.63809e-4	0.006897553	0.071724214	0.028054407	0.001783647	2.33e-5	0.008769219	0.013174747	8.39181e-4	9.08e-18	0.006268105	0.022184399	6.61996e-4	6.58004610552164e-18	0.00192294222546196	0.0146820538320339
DEL_repeats_2_1	0.001219969	0.003568885	0.008474654	0.23051288	0.024562729	0.002454347	0.008182302	0.010307145	0.003198541	0.009472042	0.001363099	2.78425e-4	0.004333215	0.006600036	6.58004610552164e-18	0.00201464612586734	0.00853595089340418
DEL_repeats_2_2	4.72749e-4	0.001849574	0.011800641	0.055059396	0.004562618	0.0020886	0.008991541	5.32026e-4	0.001189697	0.006541411	1.50729e-4	0.001398167	0.003108924	0.00270193	6.58004610552164e-18	0.001116794298881	1.46002268078368e-8
DEL_repeats_2_3	4.2672e-4	7.39044e-4	0.006671125	0.012811006	3.95919e-4	5.25746e-4	0.072132138	2.71e-5	9.59e-5	1.8504e-4	9.08e-18	6.7331e-4	1.05566e-4	3.92799e-4	6.58004610552164e-18	4.72257144989337e-4	3.49583154490229e-8
DEL_repeats_2_4	5.46e-5	8.81932e-4	0.002822525	0.003219218	8.67563e-4	2.32527e-4	0.052250842	2.74027e-4	5.41e-18	8.42e-18	9.13e-6	0.011980739	6.13e-6	1.41e-6	6.58004610552164e-18	3.88261199448798e-5	4.34453853127852e-8
DEL_repeats_2_5+	3.31e-18	4.67e-18	1.01239e-4	0.002382721	0.02142678	2.15685e-4	0.057046331	8.33079e-4	5.41e-18	8.42e-18	0.004527713	0.251519845	6.63e-5	4.37e-5	6.58004610552164e-18	2.64064568478846e-18	3.88695242109537e-8
DEL_repeats_3_0	1.28045e-4	1.25e-5	5.89124e-4	0.005068954	0.01713637	0.001051047	6.25412e-4	0.010964101	0.002858095	0.001200259	1.89442e-4	0.007599859	0.003039667	0.001146659	6.58004610552164e-18	0.00106014137936679	0.00855857290020103
DEL_repeats_3_1	0.005011085	0.005003258	3.72386e-4	0.097114466	0.005909794	0.005413653	0.011689003	0.001348867	0.00430191	0.042709211	3.90863e-4	5.69429e-4	0.001186963	0.004840165	6.58004610552164e-18	0.00232592325104706	0.00244544588016729
DEL_repeats_3_2	7.69383e-4	0.002289891	9.63e-5	0.021484282	8.4271e-4	5.36054e-4	0.005474849	3.76571e-4	0.001275717	0.005061091	1.70422e-4	0.002680339	3.84379e-4	0.001053481	9.35232649418986e-5	0.00115037509281033	3.41157810969492e-8
DEL_repeats_3_3	3.71256e-4	4.02587e-4	2.45e-5	0.003837627	6.21155e-4	4.7e-5	0.003456748	2.53509e-4	3.0211e-4	0.002730589	1.27576e-4	0.005920051	6.9e-5	2.49605e-4	6.58004610552164e-18	1.20553148361788e-4	1.98537113438362e-8
DEL_repeats_3_4	3.31e-18	3.97e-18	3.82e-6	7.86295e-4	0.005867075	7.31e-5	4.92537e-4	2.68e-6	5.41e-18	8.42e-18	0.001202108	0.068622143	3.09e-6	9.19e-18	6.58004610552164e-18	1.60702399271993e-5	2.13065194170608e-8
DEL_repeats_3_5+	3.31e-18	3.95e-18	3.83e-7	0.001138609	0.008378911	1.50616e-4	4.36589e-4	9.1e-5	5.41e-18	8.42e-18	0.001742363	0.097480944	9.96e-5	9.19e-18	6.58004610552164e-18	9.5808476364924e-6	4.51480725749292e-8
DEL_repeats_4_0	9.97e-5	1.21e-5	1.77645e-4	0.007252429	0.010791265	0.002315098	1.30877e-4	0.006691309	0.001432774	0.001470317	9.08e-18	0.001734516	0.002155349	1.93687e-4	6.58004610552164e-18	6.98912463470956e-4	0.00610958539657406
DEL_repeats_4_1	9.00503e-4	0.002115787	6.34573e-4	0.06352373	0.002843569	0.002806729	0.003396804	0.001622955	0.004594217	5.21112e-4	3.55504e-4	0.002302595	2.3e-5	6.17337e-4	6.58004610552164e-18	4.2629598802982e-4	1.55350861485771e-8
DEL_repeats_4_2	3.23e-6	5.43292e-4	1.16799e-4	0.014548922	1.64644e-4	4.7449e-4	0.002777387	2.72623e-4	8.96024e-4	7.5e-5	9.08e-18	6.11679e-4	7.92e-5	5.24295e-4	6.58004610552164e-18	7.83497537232868e-5	3.82649435383251e-8
DEL_repeats_4_3	3.31e-18	7.27e-6	4.12e-18	0.004554752	0.003877814	2.91345e-4	4.39586e-4	2.88e-5	2.38e-5	1.32028e-4	3.12137e-4	0.039259058	3.92e-5	5.03e-5	1.39447221625922e-6	2.63651088832343e-18	1.46064127217749e-8
DEL_repeats_4_4	3.31e-18	3.95e-18	4.12e-18	8.49679e-4	0.004557254	1.10576e-4	2.0181e-4	9.73e-5	5.41e-18	8.42e-18	6.87366e-4	0.053287873	9.47e-6	7.73e-6	6.58004610552164e-18	2.6309868244796e-6	3.1937229480471e-9
DEL_repeats_4_5+	2.89e-5	2.10413e-4	2.83e-6	6.1078e-4	0.001584436	5.68e-5	2.50764e-4	6.34e-6	1.37e-5	2.09045e-4	1.57603e-4	0.018644449	6.3e-5	9.19e-18	1.7594366617604e-6	2.63797428510975e-18	4.43808926111075e-9
DEL_repeats_5+_0	8.35e-6	3.85e-5	0.001776785	0.004132826	0.018447949	0.019333291	8.55e-5	0.237978863	7.72052e-4	0.0013903	0.001281454	0.003382885	0.020097536	0.006086814	2.84018024499145e-4	0.00556879013589966	0.0233963755718201
DEL_repeats_5+_1	1.90676e-4	0.002977512	7.41e-5	0.015718533	4.10335e-4	0.007501825	0.003476729	5.72257e-4	4.79551e-4	0.026205652	4.74634e-4	0.002797035	0.002980534	3.14462e-4	6.58004610552164e-18	1.10240786487051e-4	1.91584159796717e-8
DEL_repeats_5+_2	1.26355e-4	3.97525e-4	2.78e-6	0.0023438450000000002	4.70925e-4	3.70524e-4	0.0011689	5.16838e-4	2.64969e-4	0.001770382	9.08e-18	0.005103842	6.99e-5	2.13e-5	6.58004610552164e-18	1.54338573933316e-5	4.85820225219303e-8
DEL_repeats_5+_3	1.89e-5	1.58151e-4	4.12e-18	0.00118248	2.57167e-4	1.68175e-4	4.06617e-4	8.16e-6	6.12e-6	1.3703e-4	9.08e-18	0.002200952	6.4e-6	2.85e-5	1.2457865811275e-6	6.72531113763592e-6	3.43435927859616e-8
DEL_repeats_5+_4	3.11e-6	8.47e-5	4.37e-5	1.46923e-4	9.73e-5	5.32e-5	1.25882e-4	1.12898e-4	7.25e-6	1.25027e-4	9.08e-18	0.001256186	1.46e-6	1.5e-5	6.58004610552164e-18	2.67193468891148e-7	9.20661205435291e-9
DEL_repeats_5+_5+	3.13e-5	2.12e-5	3.82e-6	1.06174e-4	5.85018e-4	1.15e-5	2.08e-5	4.43e-5	2.99e-5	0.001120242	8.18e-8	0.00618126	2.35e-6	9.08e-5	1.73649230813665e-6	2.62957009910824e-18	3.33535657530527e-8
INS_repeats_2_0	4.02036e-4	3.31853e-4	0.00263595	4.92922e-4	0.006349454	0.001998387	3.04e-5	0.00191671	0.001162339	0.025305458	1.90467e-4	0.007440331	0.010618411	0.023942256	6.58004610552164e-18	0.0021917928286492	0.0343794135783801
INS_repeats_2_1	7.88e-6	2.71665e-4	0.002242683	5.53302e-4	0.018387642	2.08533e-4	3.97626e-4	0.001661816	0.002100192	0.038908392	9.08e-18	0.001062301	0.001801368	1.23773e-4	6.58004610552164e-18	0.00108784776586042	0.0585086492632652
INS_repeats_2_2	2.21347e-4	0.001035341	9.55604e-4	2.66335e-4	0.007207952	7.90414e-4	7.01e-5	3.04586e-4	7.60941e-4	0.026205652	2.47885e-4	5.50238e-4	6.88524e-4	0.001114199	6.58004610552164e-18	7.29931569198568e-4	0.0636941929664411
INS_repeats_2_3	5.14268e-4	3.81326e-4	8.97238e-4	1.37794e-4	0.001172292	4.99074e-4	0.003147039	1.77583e-4	3.51635e-4	2.8006e-4	3.72356e-4	1.65525e-4	7.43544e-4	8.71483e-4	6.58004610552164e-18	9.48112433024279e-5	0.00976271301510184
INS_repeats_2_4	0.0029131	0.001977423	2.53085e-4	7.19e-5	6.88e-5	1.89469e-4	0.00182828	1.66e-5	3.07e-5	8.42e-18	4.42384e-4	0.001018206	2.13354e-4	0.002973978	6.58004610552164e-18	1.31664280470189e-4	3.84371444624452e-9
INS_repeats_2_5+	0.018121584	0.013633376	6.67e-6	1.03689e-4	9.94122e-4	7.48642e-4	2.4477e-4	0.001764384	5.41e-18	8.42e-18	2.88801e-4	0.038005197	8.46575e-4	5.44275e-4	6.58004610552164e-18	1.18323308639907e-6	4.64406625218008e-8
INS_repeats_3_0	3.06e-7	5.78e-5	9.6e-5	2.63e-5	0.003792478	0.001219185	0	6.67863e-4	2.54573e-4	0.018103905	9.08e-18	0.01515014	8.21e-5	0.006623497	6.58004610552164e-18	5.70589182021802e-4	0.0195831374457896
INS_repeats_3_1	2.54695e-4	0.00122705	2.86144e-4	4.50983e-4	0.006122761	2.88615e-4	5.51e-6	6.71723e-4	8.23355e-4	0.055211908	2.07083e-4	8.69573e-4	0.003688328	0.0025232	6.58004610552164e-18	0.001092184115997	0.112273274400416
INS_repeats_3_2	4.41e-5	2.10075e-4	9.75e-5	6.00335e-4	0.001143468	7.46533e-4	5.47e-5	1.35768e-4	1.18261e-4	0.009432034	2.21526e-4	1.83891e-4	2.02511e-4	2.04501e-4	6.58004610552164e-18	2.81270540937246e-4	0.0388744786920139
INS_repeats_3_3	1.66702e-4	3.02e-6	1.36e-5	7.42e-5	1.02e-5	2.49737e-4	1.77833e-4	3.79e-5	5.18e-6	4.61099e-4	2.18e-5	8.7e-5	2.37e-5	3.27493e-4	6.58004610552164e-18	3.18038761003157e-5	1.39169498026687e-8
INS_repeats_3_4	8.89e-5	1.41807e-4	1.56e-6	7.4e-5	1.18e-5	1.55952e-4	4.15609e-4	1.22041e-4	1.61e-5	1.8704e-4	9.08e-18	3.40788e-4	3.49e-6	6.0186e-4	6.58004610552164e-18	7.5573360370254e-5	2.83510026533301e-8
INS_repeats_3_5+	0.001248696	0.001864707	4.12e-18	3.96e-5	1.02574e-4	1.98e-5	7.69276e-4	3.66e-5	5.41e-18	1.8504e-4	9.01e-5	0.002840312	3.54e-5	0.002205997	6.58004610552164e-18	2.28987512369934e-5	2.78074941910782e-8
INS_repeats_4_0	3.31e-18	1.68e-5	4.12e-18	1.66645e-4	0.002439186	0.001467917	0	7.77758e-4	1.64387e-4	0.016003452	1.59621e-4	0.005701178	0.001118797	0.00594693	6.58004610552164e-18	3.27559887237071e-4	0.0146924521955361
INS_repeats_4_1	7.44381e-4	0.001203728	1.75982e-4	0.001266435	0.003612298	4.76283e-4	2.61e-5	0.001103901	7.15565e-4	0.074616092	3.77636e-4	0.001908886	0.002691635	0.001326926	6.58004610552164e-18	0.00150697819353949	0.210245111019824
INS_repeats_4_2	7.55e-5	1.22e-5	2.74e-5	9.84e-5	3.76459e-4	5.28663e-4	1.94817e-4	7.99e-5	4.24e-5	0.004090882	9.08e-18	2.1849e-4	6.93e-5	8.45e-5	6.58004610552164e-18	4.49962737763675e-5	0.00974909693497787
INS_repeats_4_3	1.57544e-4	1.34169e-4	4.77e-5	5.25e-5	1.87e-6	3.34824e-4	2.73742e-4	8.58e-6	2.15e-5	2.39052e-4	9.08e-18	1.76569e-4	6.39e-7	7.13852e-4	1.36092421699612e-6	3.01646709616391e-7	1.86094344198747e-8
INS_repeats_4_4	3.19653e-4	2.49385e-4	4.18e-6	1.46911e-4	6.41e-6	5.6e-5	2.58757e-4	2.05515e-4	5.41e-18	0.002280492	9.08e-18	6.36053e-4	1.21e-5	0.00166501	1.44599935194735e-6	9.39515537716102e-6	9.67765006760512e-9
INS_repeats_4_5+	0.00100132	0.002193545	3.29e-5	1.35205e-4	6.35977e-4	1.06861e-4	8.74e-6	8.85225e-4	2.18e-6	0.013802977	9.08e-18	0.011670537	3.14e-7	2.74449e-4	6.58004610552164e-18	2.65634407131845e-18	1.16548732028598e-8
INS_repeats_5+_0	3.31e-18	3.95e-18	8.83e-5	8.58e-5	0.004750071	0.008716781	0	3.18329e-4	1.65846e-4	0.049210613	6.6606e-4	0.013790645	0.002590231	0.002712141	6.58004610552164e-18	0.00117258662949932	0.0146738819971304
INS_repeats_5+_1	0.001443126	1.35658e-4	6.5622e-4	0.002135852	0.004793431	0.005405643	0	0.009761114	0.001253996	0.278059971	0.00115191	0.003834265	0.013501952	0.026455525	6.58004610552164e-18	0.0011011924574188	0.00491953232698964
INS_repeats_5+_2	2.54832e-4	5.53e-6	5.51e-6	2.22027e-4	2.98796e-4	0.001321843	8.84e-6	1.01153e-4	1.02849e-4	0.009221989	3.66007e-4	0.002130016	4.59e-5	4.88313e-4	1.18199012643727e-6	8.28266792667268e-7	4.6445807436868e-8
INS_repeats_5+_3	2.37087e-4	9.77e-5	3.32e-5	7.59e-6	1.65546e-4	2.88e-5	4.46e-6	7.09e-5	8.02e-5	0.003660789	8.34e-7	0.002660489	4.61e-5	1.03831e-4	1.621273088488e-6	2.65757325630755e-18	4.75565784473372e-8
INS_repeats_5+_4	2.61865e-4	2.15e-6	7.87e-6	2.53e-5	1.26707e-4	4.83e-5	1.06e-5	6.74e-6	5.05e-5	0.00334072	2.25e-6	0.001592407	2.43e-6	1.57593e-4	6.58004610552164e-18	2.65563975048453e-18	3.95567326568308e-8
INS_repeats_5+_5+	1.19834e-4	1.15629e-4	3.48e-6	1.60229e-4	6.26342e-4	6.17e-5	4.28e-6	1.90551e-4	9.89e-6	0.002740591	1.84e-6	0.00613607	4.33e-5	2.15e-5	6.58004610552164e-18	2.65069544116599e-18	4.48283910156371e-8
DEL_MH_2_1	0.001197815	1.75553e-4	0.006930764	0.18899749	0.028687946	6.32866e-4	0.003127058	0.004913672	0.003900972	6.38138e-4	3.82064e-4	0.002653503	0.008872408	0.002640925	6.58004610552164e-18	0.00137420087593352	0.00366896648521895
DEL_MH_3_1	8.19e-5	5.46e-7	3.44612e-4	0.007034156	0.013157147	9.90097e-4	2.5476e-4	0.009290337	0.003011328	0.003960854	2.00443e-4	0.010328352	0.001140083	0.001575173	6.58004610552164e-18	7.64470282770831e-4	0.0048873035805209
DEL_MH_3_2	0.001479593	0.002944063	3.0285e-4	0.049416601	0.00900421	0.00443363	0.004635639	0.004302693	0.001543302	0.019304164	3.01744e-4	0.006061158	4.50306e-4	0.003236935	6.58004610552164e-18	9.80363974341033e-4	0.00368107551554234
DEL_MH_4_1	8.38e-5	1.47005e-4	7.35e-5	0.010981719	0.008732202	0.002745395	1.83827e-4	0.005809551	0.001927721	1.79039e-4	9.08e-18	0.003771718	0.001270798	8.2e-6	6.58004610552164e-18	5.04717900987043e-4	0.0109797305945076
DEL_MH_4_2	1.45479e-4	5.50614e-4	3.40216e-4	0.029483877	0.006047187	0.00868271	0.001019041	0.001591587	0.003297448	3.87083e-4	9.08e-18	0.004573153	1.59723e-4	9.50493e-4	6.58004610552164e-18	4.09799520784757e-4	0.00489044160567025
DEL_MH_4_3	1.60684e-4	6.93566e-4	1.30463e-4	0.04886664	0.003442442	0.004773094	7.17325e-4	0.001098342	0.002544079	8.22e-5	7.89868e-4	5.25263e-4	2.70578e-4	0.002230434	6.58004610552164e-18	4.02367649801e-4	0.00365961696983014
DEL_MH_5+_1	8.16e-7	6.24963e-4	0.001369634	4.53121e-4	0.008617073	0.071066579	2.36e-5	0.280724261	3.54e-5	0.001330287	2.82794e-4	5.63378e-4	0.011740777	0.006551706	6.60877105516124e-4	0.00536204916184987	0.0207713280418549
DEL_MH_5+_2	2.38e-10	1.17708e-4	0.001751272	1.36232e-4	0.007851021	0.253108347	2.45769e-4	0.123610163	2.21236e-4	1.24027e-4	3.72771e-4	1.42e-17	0.007055421	0.004498634	4.32409450773911e-4	0.00502171467340586	0.012290058300929
DEL_MH_5+_3	2.33e-12	5.67e-5	7.74958e-4	0.001112236	0.007157975	0.216806032	6.16e-5	0.046130408	5.70907e-4	5.65e-5	7.50127e-4	3.23568e-4	0.002165984	0.001404487	2.6612607242146e-4	0.00333883980844505	0.00859625789862607
DEL_MH_5+_4	3.88e-5	4.62842e-4	6.40555e-4	0.003652946	0.002492549	0.120483943	6.82e-5	0.016367256	4.48308e-4	1.04022e-4	1.30278e-4	2.77663e-4	2.81736e-4	1.00143e-4	2.47928132326935e-4	0.00132989736605632	0.00489791342344186
DEL_MH_5+_5+	6.65116e-4	0.002367319	3.6297e-4	4.56e-5	0.001112367	0.099282999	0.001738365	0.012814882	5.41e-18	0.041408931	5.18955e-4	0.006657973	0.013131907	9.31512e-4	1.39828818249736e-4	0.00160162870855497	0.00607563604544812
